#neff=864.44348
resi	A	C	D	E	F	G	H	I	K	L	M	N	P	Q	R	S	T	V	W	Y
0	0.02737	0.00000	0.00495	0.06682	0.02227	0.02351	0.00000	0.00000	0.40887	0.03465	0.00000	0.01485	0.00000	0.23053	0.11866	0.03267	0.00000	0.00742	0.00742	0.00000
1	0.02264	0.00000	0.14547	0.49247	0.01449	0.04075	0.01585	0.00000	0.04981	0.01509	0.00000	0.17147	0.00000	0.01233	0.00377	0.00906	0.00000	0.00226	0.00000	0.00453
2	0.07111	0.00382	0.03965	0.04954	0.01241	0.01434	0.00836	0.02211	0.00764	0.02479	0.00764	0.05285	0.07545	0.04571	0.02569	0.14999	0.35360	0.00986	0.00000	0.02545
3	0.10581	0.00293	0.02785	0.02834	0.00513	0.04408	0.00586	0.00147	0.04701	0.01515	0.02440	0.02858	0.10477	0.03340	0.23858	0.16089	0.08824	0.01558	0.01716	0.00476
4	0.23614	0.00278	0.00392	0.01435	0.06007	0.00365	0.02986	0.02268	0.03187	0.03171	0.00449	0.00972	0.01574	0.00347	0.01655	0.05035	0.01296	0.03217	0.06410	0.35341
5	0.03327	0.00000	0.04622	0.20621	0.00407	0.01492	0.01274	0.01356	0.11873	0.06938	0.02625	0.04746	0.00949	0.23961	0.08621	0.03524	0.02355	0.00520	0.00181	0.00610
6	0.03067	0.00133	0.06698	0.04800	0.00000	0.00588	0.03828	0.00665	0.25734	0.00865	0.01198	0.06377	0.01002	0.05444	0.06711	0.03963	0.12821	0.00836	0.14826	0.00444
7	0.00133	0.00000	0.00000	0.00000	0.91431	0.00000	0.00000	0.01198	0.00000	0.04654	0.00332	0.00000	0.00552	0.00133	0.00071	0.00332	0.00133	0.00768	0.00000	0.00265
8	0.02406	0.00132	0.00815	0.15417	0.02986	0.00749	0.00595	0.04492	0.13534	0.22374	0.03468	0.01091	0.00132	0.11122	0.09848	0.01685	0.01057	0.05254	0.01388	0.01454
9	0.01759	0.00000	0.02198	0.04331	0.00033	0.00132	0.04267	0.09888	0.13164	0.02605	0.00466	0.08265	0.00060	0.05539	0.31876	0.02132	0.10273	0.01363	0.01055	0.00594
10	0.00000	0.00000	0.00327	0.02924	0.00589	0.00175	0.03066	0.00436	0.16773	0.09899	0.01287	0.01527	0.00131	0.50061	0.09073	0.02467	0.00502	0.00393	0.00131	0.00240
11	0.00130	0.00261	0.00356	0.00196	0.00456	0.00000	0.88313	0.01587	0.00369	0.00646	0.00304	0.03233	0.00000	0.00663	0.00369	0.00902	0.00261	0.00609	0.00000	0.01345
12	0.00652	0.00000	0.00087	0.00391	0.02217	0.00261	0.02371	0.30057	0.01109	0.06060	0.07521	0.00467	0.00206	0.00630	0.01030	0.00989	0.01695	0.35533	0.00652	0.08071
13	0.02128	0.00261	0.44152	0.01351	0.01325	0.01411	0.01270	0.06232	0.02193	0.07663	0.00434	0.09234	0.01479	0.07833	0.03387	0.01344	0.02942	0.03387	0.00200	0.01775
14	0.07424	0.00261	0.03629	0.02933	0.05084	0.04802	0.01076	0.00239	0.04689	0.01834	0.02727	0.07448	0.19947	0.03042	0.03107	0.13527	0.03683	0.01271	0.00000	0.13277
15	0.02414	0.00156	0.08135	0.06459	0.00545	0.07380	0.01168	0.00675	0.13888	0.04753	0.00156	0.06556	0.29530	0.03350	0.03042	0.05798	0.04983	0.00467	0.00000	0.00545
16	0.01537	0.00000	0.02097	0.02770	0.00339	0.10291	0.00805	0.01130	0.18208	0.00833	0.14928	0.04720	0.08538	0.05132	0.12875	0.07734	0.04714	0.02528	0.00819	0.00000
17	0.01762	0.00073	0.01007	0.01828	0.04606	0.00950	0.01426	0.00823	0.05348	0.03777	0.00994	0.07769	0.08191	0.02814	0.08371	0.21576	0.21807	0.05757	0.00820	0.00302
18	0.02699	0.00000	0.09887	0.05253	0.02665	0.16037	0.01236	0.01452	0.06303	0.02300	0.00323	0.10267	0.13894	0.02634	0.02258	0.13262	0.05634	0.01406	0.01720	0.00771
19	0.09021	0.00666	0.03297	0.00444	0.09807	0.09292	0.00925	0.04559	0.00944	0.10915	0.01666	0.02240	0.05886	0.01185	0.09273	0.09312	0.06130	0.10125	0.00444	0.03868
20	0.00679	0.00000	0.09770	0.01078	0.00599	0.07987	0.02316	0.01198	0.04181	0.07363	0.10072	0.18544	0.05092	0.00639	0.03095	0.17612	0.05240	0.01258	0.00479	0.02796
21	0.07254	0.00289	0.17759	0.02604	0.03870	0.07408	0.01982	0.00627	0.02194	0.01670	0.01249	0.16292	0.04285	0.01013	0.03422	0.13752	0.12130	0.01329	0.00145	0.00723
22	0.07397	0.00156	0.09945	0.05980	0.00625	0.01869	0.04723	0.01786	0.06554	0.02036	0.00750	0.09852	0.15651	0.06596	0.06438	0.09217	0.03325	0.05413	0.00125	0.01563
23	0.03674	0.00155	0.05429	0.07366	0.01352	0.06653	0.02848	0.03158	0.07975	0.06073	0.00372	0.11240	0.03100	0.07471	0.14525	0.06040	0.05674	0.03571	0.00619	0.02704
24	0.03056	0.01847	0.09034	0.05049	0.00609	0.02355	0.00548	0.00609	0.08883	0.01035	0.00487	0.03796	0.01005	0.08407	0.05896	0.02923	0.00792	0.00670	0.00122	0.42876
25	0.00000	0.91410	0.00183	0.00000	0.00305	0.00244	0.00122	0.00122	0.00000	0.00000	0.00000	0.00000	0.00122	0.00122	0.00183	0.00183	0.00792	0.00365	0.05179	0.00670
26	0.01083	0.00121	0.18928	0.05578	0.00364	0.00891	0.00163	0.00243	0.02797	0.00243	0.00243	0.51080	0.00121	0.01842	0.01457	0.03947	0.10237	0.00121	0.00121	0.00418
27	0.09447	0.00000	0.07793	0.06002	0.01158	0.05231	0.02563	0.01507	0.07518	0.05222	0.02092	0.05844	0.00821	0.07694	0.06992	0.10400	0.10886	0.06717	0.00122	0.01991
28	0.12279	0.00121	0.00242	0.11985	0.02204	0.00364	0.00242	0.04290	0.03980	0.11823	0.32128	0.00606	0.00242	0.01566	0.01636	0.00909	0.03202	0.09471	0.00000	0.02707
29	0.00181	0.00000	0.00241	0.00361	0.00120	0.00120	0.00120	0.19520	0.00100	0.04325	0.69542	0.00181	0.00361	0.00120	0.00482	0.00843	0.01736	0.01646	0.00000	0.00000
30	0.08194	0.00160	0.01463	0.04539	0.00403	0.04340	0.01303	0.02504	0.21315	0.05022	0.01602	0.03431	0.01564	0.12135	0.18594	0.05911	0.02365	0.03953	0.00662	0.00541
31	0.03801	0.01470	0.03536	0.07907	0.00841	0.04910	0.03227	0.01462	0.09035	0.01867	0.01523	0.08087	0.01951	0.08324	0.20678	0.05555	0.02608	0.03740	0.04528	0.04948
32	0.00803	0.00151	0.00120	0.00723	0.00482	0.00151	0.00602	0.12496	0.14796	0.03034	0.01325	0.02279	0.01014	0.02139	0.46070	0.00582	0.00241	0.12328	0.00482	0.00181
33	0.00923	0.00808	0.01992	0.04281	0.00246	0.16042	0.01563	0.02502	0.13308	0.02235	0.01661	0.34947	0.00308	0.02524	0.08676	0.02712	0.01231	0.03056	0.00862	0.00123
34	0.02242	0.00000	0.01532	0.01049	0.01574	0.04742	0.00860	0.24860	0.09217	0.12139	0.18080	0.05515	0.00881	0.02371	0.02008	0.02371	0.01529	0.06387	0.00189	0.02455
35	0.03046	0.01278	0.01236	0.01150	0.02650	0.01598	0.08010	0.03409	0.05667	0.05081	0.01278	0.04229	0.01777	0.01129	0.05289	0.05211	0.27653	0.01747	0.00320	0.18242
36	0.01973	0.00000	0.05985	0.09556	0.00131	0.04525	0.02415	0.01326	0.13760	0.03208	0.00664	0.14813	0.01836	0.05977	0.10128	0.08305	0.12247	0.02110	0.00131	0.00911
37	0.00835	0.00125	0.04165	0.03493	0.02617	0.21440	0.06408	0.00605	0.07623	0.02359	0.00793	0.13242	0.11369	0.04747	0.09261	0.03664	0.02035	0.01021	0.03031	0.01167
38	0.02276	0.00636	0.02544	0.02410	0.02834	0.04923	0.08464	0.01506	0.09293	0.04887	0.00937	0.06025	0.02060	0.04360	0.15661	0.11867	0.10972	0.02789	0.01308	0.04247
39	0.00126	0.95833	0.00126	0.00000	0.00879	0.00377	0.00251	0.00126	0.00314	0.00000	0.00000	0.00126	0.00377	0.00000	0.00293	0.00000	0.00000	0.00000	0.00544	0.00628
40	0.00785	0.00000	0.00000	0.00618	0.00353	0.00059	0.00118	0.03092	0.74520	0.00922	0.00765	0.00353	0.03267	0.01530	0.07812	0.00000	0.01436	0.03428	0.00118	0.00824
41	0.02814	0.00000	0.10191	0.11180	0.01113	0.03758	0.00860	0.00732	0.12111	0.04677	0.00410	0.06217	0.25117	0.04415	0.05362	0.03488	0.03057	0.01855	0.00840	0.01803
42	0.01307	0.00351	0.00458	0.08854	0.06349	0.00351	0.01428	0.10904	0.09647	0.08830	0.02068	0.01096	0.00995	0.05395	0.04918	0.06222	0.14975	0.14805	0.00117	0.00931
43	0.00000	0.00000	0.00410	0.00117	0.00059	0.00234	0.15266	0.00293	0.00918	0.00000	0.00000	0.71879	0.00117	0.06861	0.00234	0.00234	0.00234	0.00000	0.00000	0.03142
44	0.00527	0.00000	0.00585	0.00000	0.01726	0.00000	0.00117	0.02449	0.00117	0.00404	0.00263	0.02477	0.00507	0.00000	0.00000	0.10167	0.70854	0.04194	0.00029	0.05583
45	0.00000	0.00000	0.00000	0.00000	0.94018	0.00000	0.00000	0.01171	0.00000	0.00507	0.00215	0.00000	0.00117	0.00000	0.00117	0.00000	0.00039	0.03347	0.00000	0.00468
46	0.00257	0.00000	0.00000	0.00000	0.02282	0.00059	0.00000	0.61203	0.00000	0.23296	0.00595	0.00000	0.00000	0.00000	0.00000	0.00000	0.00273	0.11918	0.00000	0.00117
47	0.00644	0.00117	0.01346	0.00995	0.01151	0.00585	0.57026	0.04506	0.03706	0.10145	0.00117	0.02702	0.01346	0.03511	0.02625	0.01053	0.00819	0.03277	0.00117	0.04212
48	0.24480	0.00234	0.10878	0.23701	0.00117	0.09135	0.00234	0.01791	0.01827	0.00469	0.01528	0.01495	0.01526	0.00865	0.00547	0.09330	0.08558	0.02286	0.00117	0.00879
49	0.03119	0.00117	0.11124	0.03535	0.00663	0.01051	0.00350	0.00613	0.03308	0.01785	0.00701	0.10038	0.17834	0.01256	0.05199	0.24318	0.14103	0.00535	0.00000	0.00350
50	0.05447	0.00235	0.01526	0.08728	0.13626	0.01027	0.00352	0.07931	0.09036	0.13320	0.01408	0.01848	0.09621	0.01095	0.02054	0.03139	0.04704	0.03711	0.05270	0.05921
51	0.12066	0.00000	0.09706	0.14575	0.00234	0.06545	0.01989	0.00394	0.08047	0.00876	0.00000	0.11287	0.03009	0.09211	0.04997	0.09320	0.03341	0.01739	0.00934	0.01732
52	0.06705	0.00117	0.15129	0.08460	0.00234	0.00876	0.01493	0.01104	0.10237	0.02746	0.00467	0.13759	0.01567	0.09955	0.04823	0.08615	0.08737	0.04449	0.00000	0.00526
53	0.01471	0.00000	0.00000	0.00000	0.00350	0.00117	0.00000	0.33743	0.00000	0.10044	0.01359	0.00000	0.00000	0.00000	0.00117	0.00291	0.00602	0.51441	0.00117	0.00350
54	0.09096	0.00156	0.02640	0.04956	0.00000	0.00584	0.02020	0.04247	0.24602	0.02513	0.00468	0.09470	0.00175	0.12645	0.11922	0.02123	0.04101	0.07397	0.00536	0.00351
55	0.33569	0.00117	0.08591	0.03029	0.00117	0.05544	0.01856	0.00851	0.08166	0.00312	0.00117	0.11211	0.01519	0.04870	0.03669	0.10842	0.04463	0.00925	0.00000	0.00234
56	0.04304	0.00000	0.00019	0.00233	0.01955	0.00233	0.00000	0.39895	0.00058	0.05682	0.01502	0.00350	0.00000	0.00000	0.00000	0.00963	0.06464	0.38106	0.00000	0.00233
57	0.00060	0.98242	0.00000	0.00000	0.00240	0.00000	0.00300	0.00000	0.00000	0.00200	0.00000	0.00000	0.00000	0.00000	0.00120	0.00120	0.00000	0.00000	0.00240	0.00479
58	0.01644	0.00000	0.05410	0.04533	0.02834	0.12183	0.02879	0.01857	0.10204	0.03215	0.00927	0.12370	0.00837	0.06447	0.08000	0.10485	0.10564	0.02112	0.00359	0.03142
59	0.02665	0.00234	0.07418	0.03363	0.00624	0.14977	0.03139	0.00351	0.04659	0.04033	0.00380	0.12443	0.02554	0.07666	0.05564	0.13845	0.12547	0.00585	0.00702	0.02252
60	0.08458	0.00214	0.02423	0.05649	0.00234	0.14226	0.01138	0.01644	0.13436	0.01191	0.00370	0.04545	0.21402	0.04639	0.07650	0.06254	0.04601	0.01576	0.00000	0.00350
61	0.04159	0.00000	0.03270	0.03201	0.02003	0.33957	0.00591	0.02049	0.08763	0.00492	0.00315	0.20677	0.01852	0.02157	0.03542	0.05769	0.03555	0.02583	0.00000	0.01064
62	0.01321	0.00360	0.04319	0.05675	0.01201	0.06502	0.00841	0.18358	0.06454	0.00941	0.03213	0.03559	0.02733	0.01421	0.05085	0.06570	0.11132	0.18201	0.00791	0.01321
63	0.11265	0.00682	0.01640	0.01741	0.04739	0.01432	0.03478	0.03046	0.03228	0.03218	0.00641	0.02036	0.22892	0.03648	0.11392	0.04417	0.13327	0.03320	0.00273	0.03587
64	0.01354	0.55373	0.02754	0.01106	0.02601	0.00918	0.01415	0.02189	0.00989	0.02731	0.00871	0.00716	0.00777	0.01342	0.00906	0.02013	0.00800	0.03460	0.00565	0.17121
65	0.01153	0.00000	0.03043	0.09571	0.00428	0.06501	0.01937	0.00998	0.40356	0.01847	0.00131	0.01803	0.04521	0.04182	0.12105	0.03827	0.04350	0.02246	0.00143	0.00856
66	0.01029	0.01513	0.08158	0.02495	0.00591	0.04067	0.00667	0.01182	0.02885	0.04114	0.00355	0.54588	0.01844	0.01277	0.03582	0.04327	0.03878	0.01913	0.00142	0.01395
67	0.02317	0.00576	0.02309	0.02521	0.00864	0.42167	0.04056	0.00864	0.07213	0.02811	0.00816	0.06465	0.02833	0.01948	0.03822	0.06114	0.02657	0.04067	0.00000	0.05581
68	0.01001	0.00881	0.01754	0.03941	0.00389	0.11423	0.03592	0.02356	0.08217	0.04162	0.01711	0.09144	0.02854	0.18127	0.10966	0.07286	0.05380	0.03728	0.01001	0.02086
69	0.02050	0.00168	0.05825	0.08459	0.00505	0.14480	0.01880	0.04600	0.10842	0.02230	0.05227	0.09391	0.03792	0.04305	0.07034	0.06052	0.10074	0.01347	0.00000	0.01740
70	0.00846	0.00469	0.03580	0.01132	0.02843	0.02304	0.01796	0.01523	0.09231	0.02488	0.00234	0.57555	0.00312	0.00703	0.02499	0.04553	0.01567	0.01015	0.00390	0.04959
71	0.00265	0.49498	0.00331	0.00861	0.04055	0.00728	0.00397	0.01700	0.00971	0.24628	0.05474	0.01391	0.00000	0.00530	0.00464	0.00541	0.01987	0.00927	0.00132	0.05120
72	0.00488	0.09826	0.00244	0.00244	0.06729	0.00000	0.31481	0.03605	0.01361	0.00244	0.00518	0.01640	0.00163	0.00914	0.13217	0.01829	0.10186	0.04226	0.00549	0.12538
73	0.01951	0.00975	0.04740	0.08532	0.01190	0.00527	0.00772	0.11715	0.15692	0.05842	0.00917	0.04662	0.00117	0.16963	0.13066	0.01463	0.04927	0.01795	0.02866	0.01287
74	0.01494	0.00023	0.00117	0.00000	0.00000	0.03252	0.00449	0.00859	0.00176	0.00703	0.00117	0.00508	0.00000	0.00234	0.00879	0.85251	0.04999	0.00937	0.00000	0.00000
75	0.03291	0.00241	0.01004	0.05492	0.00482	0.01535	0.02761	0.02047	0.16048	0.03974	0.00733	0.12637	0.09090	0.06913	0.09076	0.10881	0.11906	0.01032	0.00060	0.00798
76	0.05496	0.00250	0.06131	0.06089	0.00962	0.05012	0.02745	0.01541	0.12162	0.00625	0.00795	0.07390	0.00250	0.08454	0.09061	0.20359	0.07377	0.03656	0.00187	0.01459
77	0.05406	0.00235	0.01803	0.05194	0.00941	0.01411	0.01176	0.01686	0.11938	0.03595	0.00823	0.03052	0.27090	0.06302	0.07229	0.10532	0.06595	0.04167	0.00235	0.00588
78	0.00291	0.00350	0.00000	0.00000	0.51407	0.00000	0.00233	0.05431	0.00000	0.10251	0.09690	0.00233	0.00350	0.00000	0.00000	0.00155	0.00117	0.19044	0.00000	0.02448
79	0.01290	0.00391	0.09337	0.05233	0.01290	0.01222	0.05307	0.00586	0.11990	0.01261	0.00469	0.09177	0.12912	0.07966	0.10295	0.13681	0.05345	0.00704	0.00293	0.01251
80	0.01994	0.00352	0.00000	0.00117	0.03579	0.02966	0.00117	0.25625	0.00938	0.22047	0.07762	0.01075	0.00235	0.00117	0.00117	0.00411	0.03031	0.29223	0.00000	0.00293
81	0.01198	0.00000	0.00235	0.00235	0.01155	0.00000	0.00705	0.10340	0.00000	0.05290	0.00117	0.00529	0.00196	0.00000	0.00000	0.01351	0.58172	0.17186	0.00000	0.03290
82	0.01650	0.00000	0.19539	0.05756	0.02741	0.00383	0.02948	0.08107	0.03940	0.02843	0.02776	0.03300	0.00118	0.02266	0.02053	0.01080	0.19382	0.15362	0.00000	0.05754
83	0.00000	0.90508	0.00000	0.00000	0.00355	0.00388	0.00118	0.00118	0.00000	0.00946	0.00000	0.00000	0.00236	0.00000	0.00236	0.00059	0.00000	0.06268	0.00059	0.00709
84	0.00513	0.00089	0.02042	0.07798	0.01774	0.00271	0.02389	0.02606	0.22004	0.01242	0.00000	0.08277	0.00000	0.07026	0.21721	0.06066	0.10439	0.04120	0.00355	0.01267
85	0.02077	0.00534	0.00770	0.02199	0.02879	0.00178	0.08413	0.02556	0.01227	0.55237	0.00811	0.01256	0.00119	0.01694	0.05140	0.03919	0.01721	0.05362	0.01177	0.02730
86	0.02493	0.00000	0.03924	0.03836	0.00618	0.01348	0.01576	0.08920	0.15747	0.02874	0.01130	0.04558	0.00357	0.04305	0.05000	0.08319	0.28991	0.05420	0.00000	0.00585
87	0.04479	0.00495	0.03603	0.04648	0.00364	0.22830	0.01031	0.00849	0.12252	0.00667	0.00718	0.09612	0.04964	0.02156	0.07446	0.16697	0.05146	0.01254	0.00121	0.00667
88	0.03517	0.00137	0.03889	0.04045	0.01611	0.48379	0.00823	0.01336	0.04274	0.00366	0.00480	0.07115	0.03337	0.03108	0.03936	0.09180	0.02754	0.00274	0.00549	0.00891
89	0.09404	0.00154	0.03058	0.03224	0.00824	0.04993	0.01203	0.02271	0.08934	0.02150	0.00589	0.01766	0.02226	0.09222	0.04486	0.32099	0.11270	0.01592	0.00154	0.00384
90	0.01499	0.00386	0.01846	0.00906	0.01004	0.01004	0.02172	0.02021	0.16584	0.01841	0.01133	0.06220	0.11885	0.07280	0.22785	0.05961	0.07725	0.05840	0.00464	0.01442
91	0.01564	0.00780	0.00993	0.00993	0.05755	0.01394	0.02883	0.02106	0.07723	0.03805	0.02765	0.02836	0.16082	0.01323	0.09016	0.04207	0.04431	0.01385	0.01217	0.28744
92	0.01160	0.00000	0.01271	0.01338	0.00268	0.05351	0.00402	0.00881	0.03614	0.01712	0.00268	0.04283	0.61734	0.01740	0.04127	0.03710	0.06491	0.00580	0.00000	0.01071
93	0.03645	0.00188	0.08415	0.02404	0.00543	0.02540	0.06228	0.00627	0.09374	0.01045	0.00199	0.27174	0.14611	0.03158	0.06856	0.05550	0.04810	0.00690	0.00376	0.01568
94	0.00000	0.91883	0.00490	0.00122	0.00259	0.01279	0.00245	0.00490	0.01059	0.00122	0.00122	0.01372	0.00000	0.00133	0.00704	0.00617	0.00122	0.00000	0.00122	0.00857
95	0.03284	0.00061	0.03684	0.07745	0.00847	0.02931	0.03579	0.02058	0.12955	0.02421	0.01210	0.07542	0.00878	0.10218	0.21793	0.07806	0.04781	0.04494	0.00121	0.01594
96	0.00365	0.00881	0.00041	0.00304	0.00972	0.00000	0.00790	0.02129	0.00000	0.00122	0.00122	0.00425	0.00000	0.00101	0.00000	0.00122	0.00608	0.04072	0.00000	0.88947
97	0.01587	0.00000	0.01946	0.06400	0.00182	0.01309	0.06192	0.01675	0.18903	0.03720	0.00243	0.09274	0.00365	0.08270	0.23387	0.05984	0.08482	0.01229	0.00365	0.00487
98	0.11052	0.00366	0.04414	0.09011	0.00061	0.27650	0.00671	0.02461	0.01841	0.01449	0.00938	0.03001	0.00675	0.03744	0.02360	0.12312	0.15694	0.02055	0.00000	0.00244
99	0.04760	0.00123	0.02332	0.02684	0.04794	0.01654	0.01621	0.06051	0.12084	0.02724	0.00906	0.03941	0.00551	0.03425	0.07653	0.13867	0.21078	0.08474	0.00368	0.00910
100	0.08521	0.00494	0.02468	0.04916	0.01266	0.02087	0.03635	0.04805	0.08968	0.06983	0.00633	0.04044	0.08379	0.08021	0.10750	0.08734	0.08062	0.03612	0.00380	0.03243
101	0.07251	0.00247	0.02576	0.04353	0.01751	0.06855	0.01999	0.02302	0.09371	0.10591	0.04272	0.01608	0.01711	0.07158	0.05850	0.18796	0.07045	0.03667	0.00124	0.02471
102	0.01685	0.00250	0.02164	0.10249	0.04359	0.00562	0.01560	0.01536	0.07779	0.03714	0.01276	0.13719	0.01248	0.06540	0.06131	0.07906	0.19299	0.02840	0.00333	0.06851
103	0.05127	0.00000	0.01246	0.02077	0.00000	0.08700	0.02171	0.00498	0.28148	0.00810	0.01560	0.04397	0.00142	0.06553	0.30540	0.04526	0.01883	0.00997	0.00000	0.00623
104	0.00774	0.00499	0.01082	0.00624	0.13551	0.00375	0.12031	0.02591	0.11841	0.02418	0.00375	0.03340	0.02095	0.03341	0.17907	0.05183	0.01977	0.03067	0.00291	0.16636
105	0.01536	0.00125	0.00125	0.00125	0.06489	0.00125	0.00062	0.50984	0.00664	0.07817	0.00747	0.00000	0.00374	0.00062	0.00062	0.00125	0.00156	0.21700	0.00000	0.08723
106	0.04406	0.03390	0.00501	0.03639	0.01885	0.00501	0.00626	0.23050	0.02503	0.08727	0.00626	0.00250	0.00125	0.01116	0.07228	0.01189	0.09492	0.27024	0.00375	0.03348
107	0.00210	0.00000	0.00000	0.00000	0.02765	0.00000	0.00000	0.32453	0.00000	0.13193	0.01158	0.00000	0.00000	0.00000	0.00000	0.00128	0.00383	0.49712	0.00000	0.00000
108	0.46814	0.00192	0.00895	0.01919	0.00128	0.07910	0.02557	0.01706	0.05224	0.04445	0.00128	0.00512	0.00128	0.01023	0.03891	0.05659	0.14311	0.02175	0.00000	0.00384
109	0.00129	0.98519	0.00000	0.00000	0.00258	0.00000	0.00000	0.00129	0.00000	0.00129	0.00000	0.00064	0.00000	0.00258	0.00258	0.00000	0.00129	0.00000	0.00129	0.00000
110	0.01918	0.00387	0.23729	0.31505	0.00129	0.01994	0.00774	0.01064	0.06465	0.01161	0.00774	0.10582	0.00038	0.03591	0.03408	0.05512	0.01387	0.04312	0.00882	0.00387
111	0.01539	0.00549	0.10159	0.04702	0.00083	0.18885	0.01834	0.00484	0.10722	0.00473	0.01425	0.19733	0.09100	0.05768	0.05337	0.01420	0.00646	0.02649	0.03717	0.00775
112	0.00526	0.00263	0.05839	0.01972	0.04774	0.06968	0.01828	0.00526	0.05312	0.01139	0.01052	0.32215	0.01271	0.04378	0.01490	0.03815	0.02047	0.01030	0.01052	0.22505
113	0.01095	0.00626	0.05656	0.09591	0.00626	0.00365	0.04468	0.02189	0.10357	0.04574	0.00000	0.01668	0.40968	0.08684	0.04598	0.01564	0.00626	0.01720	0.00000	0.00626
114	0.02698	0.08151	0.01744	0.02826	0.02534	0.28127	0.00598	0.03401	0.05133	0.16556	0.01676	0.05781	0.01156	0.01865	0.03713	0.02380	0.00329	0.04914	0.00374	0.06044
115	0.01326	0.00142	0.00782	0.03979	0.04820	0.04279	0.00782	0.03214	0.03529	0.30577	0.00612	0.01919	0.00000	0.02203	0.04323	0.00616	0.00426	0.28265	0.04642	0.03565
116	0.00487	0.00000	0.00024	0.00000	0.00143	0.00000	0.00000	0.00357	0.00071	0.00190	0.00000	0.00071	0.97528	0.00071	0.00000	0.00570	0.00345	0.00143	0.00000	0.00000
117	0.00945	0.00335	0.01507	0.00502	0.00574	0.00359	0.00316	0.06113	0.01005	0.00479	0.00790	0.00718	0.00072	0.00359	0.00000	0.00431	0.01818	0.83259	0.00000	0.00419
118	0.00437	0.00146	0.01834	0.00875	0.00437	0.02332	0.80272	0.00000	0.01130	0.00875	0.00146	0.02708	0.00194	0.01166	0.01385	0.01749	0.01310	0.00073	0.00000	0.02932
119	0.00000	0.00000	0.00000	0.00000	0.39529	0.00074	0.00000	0.05948	0.00074	0.29817	0.00221	0.00000	0.00147	0.00147	0.00000	0.00074	0.00147	0.02843	0.00049	0.20931
120	0.04975	0.00223	0.41590	0.18005	0.00298	0.03623	0.03127	0.04876	0.01861	0.01638	0.00149	0.04087	0.00372	0.07163	0.00707	0.00744	0.00323	0.04454	0.00000	0.01787
121	0.09120	0.00238	0.05649	0.13323	0.00079	0.24953	0.00952	0.00000	0.14369	0.00317	0.00000	0.03013	0.02538	0.02842	0.11620	0.06713	0.03402	0.00238	0.00317	0.00317
122	0.01456	0.00448	0.13176	0.01082	0.02221	0.05039	0.00672	0.12318	0.00784	0.02501	0.00000	0.06741	0.00224	0.02296	0.00672	0.21313	0.12501	0.08358	0.00224	0.07975
123	0.00793	0.00000	0.00176	0.01234	0.18212	0.00176	0.00705	0.28327	0.00881	0.08778	0.00558	0.00000	0.00176	0.01586	0.01410	0.00764	0.00470	0.33844	0.00176	0.01733
mean	0.03870	0.05819	0.04396	0.04607	0.04087	0.05020	0.03932	0.05407	0.07983	0.04998	0.02210	0.07361	0.05133	0.04423	0.06460	0.06423	0.06674	0.06342	0.00691	0.04162
